MAE: 1998.7508035888
RMSE: 17208.761341875845
R²: 0.09657811922100268